
##多點共線
#垂直
6
300 50
300 150
300 250
300 350
300 450
300 550
7
300 0
300 100
300 200
300 300
300 400
300 500
300 600
#水平
6
50  300
150 300
250 300
350 300
450 300
550 300
7
0   300
100 300
200 300
300 300
400 300
500 300
600 300
#正斜
6
50  50 
150 150
250 250
350 350
450 450
550 550
7
0   0  
100 100
200 200
300 300
400 400
500 500
600 600
#反斜
6
50  550 
150 450
250 350
350 250
450 150
550 50
7
0   600
100 500
200 400
300 300
400 200
500 100
600 0

#八點共圓
8
200 250
200 350
250 200
250 400
350 200
350 400
400 250
400 350

15
249 126
194 181
137 332
172 412
241 398
423 253
295 282
295 376
297 441
489 384
492 206
446 130
397 124
222 89
179 57

18
34 68
82 258
112 408
160 515
165 63
195 266
223 364
294 110
301 259
334 165
364 438
394 359
398 508
404 47
468 283
475 430
500 190
527 97